$ANSIBLE_VAULT;1.1;AES256
31633862633631633865656266313632313535333361303633383137393539626165353339383961
3038356631613134646439363533643733626664626330620a636536316564303838363035666232
38383437386536633361636562376463616164383938396465393862353966316465633139663336
6632663332663236620a666236333338373162643337326133653831663766343236643730366335
38623533626637363332393464373739336463613338353265336131393737353636316133343830
30313231366465636232633966356665636134353530336463373332653166373133373831623739
64353132613534333666306138303966306332653933383862373061386632316234643362386237
64356434323433626337386462303666363366363838363236326461306236326566613662626362
30666366306434653633643733666433383334356338323035373061386431343366323431663731
34613365303931383733313131623531666430353833366430393339633963353730386463623661
61666238636163386339326435643263373333646462656235646339643336356639656438303335
37613338633337643334323834653836646239636363393164303761343364613164653963653437
38316666623062353737386635626364313935326163396631313936306232373138666461346532
65323532353131656138626465386665326535373461383663366238373935633761333136306164
35303736393933613864626332366661653265376565653066343962383762373238623239396137
38636334366265326534613533366537626533666139613130636665643531663564663135626139
61346339383666326465356332383535633665643562613331653935363464653832313236633562
66303639393534646332623266363261366633626566376534393532653561336563623230313166
63333335343863326565346436333234656264623135653732393162303064383031633463616565
66633662373930356634636232363638656663316565383235326362646664626332356635376265
30323464653636386336643734303964643239333565396664303730366364303632643934373737
66346531656465636662303230376633336162323162363463343835656264653035383931363962
39643039326434373332363932656234383130656132333733613236613834313963323064613935
64396262646633653035326638386532363432343265613562633338373636613938343232636631
34306563393333393230666334373738376163353739623464623636333733363237393265326134
66303331316663303061323361656330633531303032373635336334316134663339653132373930
31633435623835656564616232386233666632653465333365663564343138656435383736373435
62353261366565663736616138643234376533313363633930373464643037363839323234333335
38393233323038366538346564363235326333313462323737613231333439643137626534343165
34633264346166613863343266346562653335383730343966623036366665343334386537316464
32313339306331626338306561663637336364613038636439343333333262323139303864366331
35643961353134613533643062323661313834326462383362383464373264306135323630306663
63373265396434393133643139396139346266346239636165633436316661353362613334356331
66373330653166303361663636623130323930633935333764613765343861646137653031653461
65623161663731353531333461653061613230383961626234616265626531633439646338333564
30356565393761393031663234623464326138313734383638343234363565663337653932306433
39363262393662363836333862363066323165393164356266393762356439303464626534393332
33336264646433363831336137656663333035626139653737643732343331636231393539333132
63343338366564336435383538623736323035663436623464383231383236663131636539393162
62633135383761396633383365613962643637323232623061353930623739326365323730373237
34343430623661316264333439306661336230383465646362313231303638656236613864663733
66393834326331613166303735643162356135626335336461323462656638393537336166616332
32396266646366613930386239353436336139653135626464383432343034303666373239653330
31313665653231393331623835393966626637323030346661336136353232393930363439656437
33333566646462393137353031363564393466343936323730633562363132656464636439383930
62316162643662636130653564373039356662383538303636663435393035636432633831623831
38353662353663353964616332306537616433396263386462316166373163323737323865613665
32323331313532393732326236616431306431373561663032616630393339373134623130626633
38623364613934626461376531363763383964353762353531373735373831323331376238326136
31613931326137636461383831623736626331336332623164376138353630313665626234386138
39623537303363353863626130366638396663393338353330346666326133333138633633656362
64343830316232663563623538396131666636666638376336313463623735373264386165366532
62616634343833396338323363616435623065316434653633383061303531333032363237316230
36653430306661383736346334623462656365613730343165656362643730383136353332323634
65393231376166303163396330613130343938323261363564346636303263373866646563303935
64313030633964636662346133336665336439323930366332663235623363376634303663376238
34316561633831346633633662393462333639363537346238646134313735393832653631346330
30366536316534356131626162313730336665396337396433323733366664373933333861613136
33626231653465323634396132386265333231633931326538626430373131323136613130656539
33633534383331366661363465636636363636636363636630626535663839316564386666313332
65303361393739653133613964643966313735313938623166376530636365376465303361343730
31623935633233613332313964313737303262306332636164386662623463343766396630346238
34373762373931643334336430383334313333396633346338363165666133303365623164316230
36636630376664666530346239613130363761353633636534363835396134663037316162396662
62386639626431343363626666363261323163626234356161303462346236353762383665386234
32313935373063306239313434303038306639323461663866623537323962653932383161636336
31313161386337383434643832343731346631356135323863623134633562653233626633383762
65626564653962306339356464623662306238373132353630643635396136666362613361616439
66633965373062303630393362323063396136313638343239646334623538376431316463336539
62643830623735313330303932643934666235623461333235303831396632313335343761343632
31663831623934363734363533333465303131633737306566613332386462356439356666636131
64376334653434383934623136633035663139303262326665663934343835356533316230323935
63643365653532636632366634646333373834383665303665373165316637393266326237646266
64343938623562646233303830616335373364646561646234633630623534316437663532343532
36373039326134333064396431636536313432623539376234393634623635346437346138656162
35333330376339336137393331646130336339313166623433366338643535353635643133623864
64633130303030666263346364623065363532663232653137356562313830393661316538663337
31626136393763343164303965323839323062353061616131363965366162383762643865383139
39646233376535353332363364633861373462653933393332303266373464613766653934666164
33313231656632326338373738366661643637663762646663653630623131336131363233366232
37323964343631356133643430373063646434633333363561633133326132306666333064313138
32326239663861646535656461613437383839646139343233653964316137313737393165383665
36616534363265333834623736376362356331626137386161313734373137323632323730343539
34393833363563366662393830393332396631663064346666303730356135393263653564616664
32356663646636653564623961356433343739653463626264373361303834396637633132633737
35373834643661383663316266346437336537396237393164616463303561663430313038383164
63336432376337376435633530613265613331313832376230626339323938353430643961633663
39363861323937653066
