$ANSIBLE_VAULT;1.1;AES256
63663738633637653637386331396433393637623939663861333731613764353933396662613166
6438376533613666623237303230336239333034643935300a383237386638303661366466656461
64356164646132376239366135396164663065386666316362646262613339616630363534346566
3939646163393939350a666664656239353736343635623132336238613537353836386365653638
37613936383038383765356234656464633661653436363531373932663866663536346364343761
63353832666661326237393235663139383265653339636561333330383866316365353834623437
62326131326535336439633364336132626531323965383634383137306234636236386238656534
31323839613238346534303761323434376637363832356437613431633439663836393065313238
34383562333766393137396634316565326263343066346162393735653839383162663339626137
37663964363161376237653030613632306461643633386431343666643131386536323062393530
37376162636331366365646433386263383132646465656561643963363335656562316464376639
65663331616630613664393663663032643062393233343262613363333261393061356664326664
63373463633135653165306132396238306230323934376534333262633133613437373939306664
38326436313139623539356335646139353735356366666337623736653063333734303966616162
36336339653865386639303964313462626135343230363031643135386332663537363631636461
66303665333231633436386330356631623466356332343933323032313436383063663536376130
63373831363133316531616566653761326439623164313961663430643535396436303339343937
66313364643839623738656663376362333632326165613864353133646638376261386135376132
63663432306466633361383463653738626439346535383766313034396531656463626335366632
63616464383833313631663963633433313235323234373337386233336136383764633632353739
36343765383262353463626662613662316431323837653330623131343034616337306332653061
61346662663831656465363962333936616637643434653265326436636430376133643266613063
32343434383538356238376665336539646463383563333765376135623731623566646665313665
39343439326431656633393862666434343738333438613430616662343834343035313132353766
62653065346332313662366265376631336631663661663934393966613633356136643535666539
38303733383363316631303362356661363634643733653230303663643237656536393263363831
33353136636534616364316137653038323461663939353966366539353130623331313266376232
61313733393064663764336335623534636231343237336631363130343436646137623461626162
63646431663335393439633061303865373230396237306364366634333235363130663035346636
65303439333534663865363663356434383633323764343135626135643763656435333561636562
30303033633334646463646461303031646163386662306139353562343930666337393631363161
62383763363930653330353733663461323836656265646331313936386532613835623562643866
34396631616334323163393861303337636632313061366434346637343162323632623765346133
30336333353335363862316233663561316639663039643865383866333136363461306332323538
65376331653039303963316366316662373662376234303762653532373362626433393538643733
33313431363066633563666632336266643633353962303466313333393431613536353730623332
37663239623934643836386239303064303635376261666238343161316130656333336565393036
37613561616539616662306164636263666534343036656430376563656430396237393861373966
39323165316433363161336530346233303138396535393734613131313939346564653239613733
35643437636364383564306331653263353735313333306163323138393832356239316131366339
30323534653938656436646330396462386530356438626262653364663032323661313563656663
36306266396139313337376136646362636238303830333039313364623535316134656666383764
31393932623234343462653439393263363236346164376134346433393164616337396466663664
31633233303133353563386339313834353639376137303963613436363063373733656438323734
39353830386637326136353238356135383937353437383734386132323933323665636333656436
38646238656362323930646138333034343433313264663366316664343761616533643162636363
37326238363639316538663939323933316465386236303930643564313337373765326265343339
37313162343433343735303333393730326436613061613338666264376531653263666332633533
62613664353034656334623139616636633537653764653930396366313539386132656135336537
64366263633566333361626666656361613030643665303331306336343130646262656339393939
33626239616137623366303635343261356334356462643733323864633532663266623433333861
30393864396637333934356335646662646362363636303633653532303561343833346164343933
39336131396563333335356130346130623030653139663930363465656561383962313836613430
38303766303236636238316663666339646533653138626663636331623730316134643861663337
38396566376535666661333461376131643932383835313438366436326137656466313031333934
65633634666161383163646435323162323266356538633133343937663230306538303363353332
34343337613539346134393135656435363335666331626662366164386538616265353165323737
35653834366430656364383562316634336366616564356435633162386664326137613365393837
63663363343338333035616563336235656162613666393266333766303662366430353136396633
66373935343764616137636336616331336563643239323763653765383534306663346430346163
37326662303132626363623662393963313839623236613839323832353137396237646163303264
39613334366538666334616164316461356538653663656164623433393730646538653438376334
39623338346234623730356332633030396238333033396431383132653336373964613365626466
31313531613439373066353837626330326332313330656439343534616262353239346563613061
39356533366666376566396430633735303464303232613536616464613834643261313264306130
64313663353362366233336362356431363539383030623538636661376238613330373230633634
65643538656234663939336432376133373234313739373365643036353636616661336137366137
37366162633537613730356334653136326230643066656364313065333265613064313865316139
36313062326265383162643338393437613930643932343363356166383565623665666133313032
66616561326361346333386133316162616639313137313264386561353533636466643631643431
61353164323166343664626565316661656130383036306261353830366365343334353031343637
63633537313835386431303366346635623261623666353336363062383135613030343532343734
63636330316435656334326533383732376661333161343966343038336665323034643961363335
62303735393364393638323239353235353365346431316464363063343039646136653139636434
37376461343637626666363338663735623935366537663831393963646538616166333662336163
30323763613362663264373036666461663739383564333333366134663266353766646530316532
61366133383132653031656163633739363639613763313333626364663033633336353766656233
62383764346635346564653132313534396166346338323065386465633065353766643531643361
30356237633938383131633233376562616636376331663036643332316234653064633233376237
39633335623234353733643164653238636632623136646361356362626530626236396333393430
31363662373338643732666332323239393166643039616239336136356539653833613066306164
33653266613636386665306462626335336136393661333035373162386664313532326262653664
31643262626432623364383734396536343234373963633731313566653333633765313362643339
32356536366531303838386566623863613461333433666236363539343435633666373839373762
33393831353133383334646330373231393330643636393863393236366139646266366335373536
36626337303562343835636166373562653165653234643536336136616436623232396539323139
35316663386630333764303461616331373365616564353063303362383039393365313362396530
65393461346536643334653663313330313332663030373865323636383737383437383162656233
37373838666563326233663231313331646434333633653631356565356465336534376566363066
34373761613639663562343765663664643563613962383635323136353730366364346537326332
61653031626166643161393739393164306465343432623961373864393031326132356331366131
32613534316435336538646361393632353534316235653935633164333239613634373832323436
32366262643162646536383065313766626334303064363866346565303931626466656332353037
36353133346365313132373063643832663236613638326435663136613532376435653964323136
33303761396235366439303136346564653030303262323966343338313938306530363236363137
33653733626536363030633462303331633862613935623965386330363764343038356632633664
32326437376233363031316635393239633030663235373462623261656363613265613533343036
66346365313737333634323735323366316239356135613761636439323261333339613336633436
33613962633538323464373638376664623063313239313730626539313063626135656338653363
64376666643434373838323439336634356233623563386163396334663833313565346236383135
37633462656532383634343065346663373365346362366534643036633461303435396632306366
31313233353064356437646439373737386437646632396461353134306232343134303832653131
39613731363231363036316438343437343434326436613637373737623966366266303364346462
38666236376562333062643062613036396166323462663030396537656631633134333063396164
34633761343435613431646166376164343863323032326165323331613431643466656463353162
62626633636335653532623534303538626535633862343065373930363237396561313532313038
37366163353866643739363663653163316630616364316435373130663538623239353331303330
65363836393362316135356232646138363461666339383462613562666163313864336338396338
36623639316437363763323866363761663630633035316239613735623466633434393964306134
36643737353466633565323238333965613732336365326536356636343436376432386665326237
33353937653262656139336337363065373463633031383932366663633661376134323166396335
33346633653463356535653139633139373030643466363961383831623565363333303835386530
30636236626461373135646265366638303765323530666231306564343232626662653063303064
64623035633331396136316637346361356631323261323839316564663839323536383335653032
65336332613864343762313232326262383664306230616461393432633930643938613931613766
61623162633436323265383639366438393034643939646434633232363034373137396631353039
31393066313337363366386533386534626264646564613463306139396264656531663238336631
30343431373164643661646163346661646239653964636336333735636237333063353165366638
32616232366635323239393962313432633739373861653461393432663931623639646333646362
38346633363835623737636631313365326638343735626238633731626133386133373662663833
38323663333163613235373764353063616661663638653330303363656630643832646438383935
63663233396433633131666361623331626633343763646335626635643135316236303565346432
32333937333566373766363439333937383666613562326465633766653565316162643265383032
33376562393464333266343433623739386664666538643935333339353531386663663636363066
39393238613466613539663436303561303139613433326237613966393565623733373435656461
31633932393032366362316134623039353336623965623433653961353538643130646131623565
30633361383135373234303334363766396230313037643162646265393463333731336636323630
34376465613035306663313531343334336462643233383364633933363734633239343732626564
35613935343238636330323839646330643032646263323133623538386361346166336430633331
34386639346261656465623130323330306637663063623330616138393963373064323966636435
32613038333431653332663164666133653563343236303331333138633539396364366636316563
63653032323564306338343634343035326166373034376565346138363831373134333633316334
33336533623532346137323934636637373663383834336561316130383336613536636337373962
61333637313931366162373835376330386332363634306565306631353537306465313239383634
65643531383761633165633733346464653737623334386266303961303462666134633265363762
65643434303437353836393130613630316635383339663632363536396134326163303461633863
64343836353138363263393166366532653631356466313334646633653966386435363363346662
66643364656236663161613665386139356436383630666239653934373334306434653339623438
31356466373738313437366662343561373465626239363937363462656332383030323935313265
64643335323634623733343232613534643436656264393536643538373330303530386661356131
64333839623061623139373939326433326461306666316336633139313761383739653363653832
65393564613566656633343536386332643831383238326430663863623230643232326437393637
66383933623539646561336233666432373734353538626334643139306362313865323165616135
65653734383866376661643731343339326339383733643235653232663736356338393161626666
33313536313034363963323837323931636131313863353066656631613635313832333966663939
30326533626537336435643733323634616633363538356236386164383932613630616634333966
33623362333261343562336666313338396139626632343538656166366162343232396364333064
33326636373037326461646430623330616139626631613734386465306661326132656666373134
61376662623239366138666565303261663230613139356632646165323565336164646236376465
65366633366331613461306138393432313633396336626638323635633037343561653733646462
31636666643938316238623364376330393330623335363933383838323439376261633237323966
30363732386239356435363939363932613866616138356634323761633936386631633438333361
32336434306634623739313465613032333834396637386465356639393763636236613332373665
62323531386661376436383431376266393464663961333836303339666432646334346566376633
34633434623361336264313738386138623961353931313466343532393462333032653739313762
33303636373165383831663033633161363138646230623533656135323164356364343337653065
65346338316130633939646532333261643438356265636663326131666463623538313365343936
61663737656361653932326232333432623462643233396534656166616635386439623630373061
34646235303533663832343366353964346532663965343538666663356163646532373566346261
35623136396661363130633666393762376536653233363631636338346237623231373461363937
35633439663461353436653531316230623531396566313665376264333636363265363931653163
63643438633934663232386633313961313434393639333465623835616364643237363632663562
34353463626635633631333061356138663561313866646264373837653035376531613635356438
63333735356538636462616534333234643332373833323262633331653737353531306335313535
30396364646365666530376136323230636564653839656438336539323761316434303634626436
65636636316638623164323133313763356635353238623164383838306161613563653530326436
36393333626638333061343239646165313035316130343366316431356434643166663464376534
37363636376464656461356665613738353638646134336163653765643134343537356236303435
34353463393164326436643165663261343763626437316436386237313564323965303230323138
66333838636565623763653062613930666631616565343836336336663563336462643763333464
31393733643935656334306439313636376334643563333631653230343962343034303236663666
36386235643832333532616563386630386363393334376434396331636132356562313731373462
32346238363132313565393535366362356462363666313733633438353365616332
