$ANSIBLE_VAULT;1.1;AES256
64663231313832326532346366393639313565373334343938336139656136653438626363313263
6338633964343061326662663161376330376661346335620a383039633730356131336336623830
30616533626163386133663137616237313631343934623335333166363835393932666432656136
6163653061376664340a353262663731613630616432366437656534303830383830393762346134
31396439383539343839333534383131633161346532306238633862613334626662303233326563
35663333616165636134373039373166653335636438363761306134626432653831356637336436
34653637636634326539633239343237636661653234376463323465383661373563623964396338
62633238643536346230393065623338373565303866373234376361636462313531343830383435
30643262326638626361636530306364663837633239613039386231623236313239653562663261
30653236666331326538396332646439376634323564376135323338366330656463383039373736
30613965306565316638653137313430626463623132643633653138323935636336396635333765
33626563613136666263313131363331613762356362666561323634336533336265656262333633
30376335643835363835316635663431363239333938323362363631653562623962663733393762
31303466366630303632663030633462373566313531363861653635343130393162363332353632
34313130656132376135643361373736653035303831313762373964663032613537393830363939
64383134386165353737663837343738386663313131383765356530653439643438653833393937
63306432333133653530666466313935663736303037336138333562393564316139363463373863
30323535613966636134666266336536363463353566396134363936306664343236373539653634
35386362323534326230356230326232656362346664366163323236306636663764303062333565
35303032636532656530323335386635636133656136383632613633343563646238313566303031
33663938656235613338313661363963646330303232393730393163393336363735373434306263
33306463396165323336653037356134313736616361643439333166336366663765646635373339
65383834653435656331353939333339303966663634633965616535316536373037333137303435
64646331613738306561643333646430366462616265366335396362326263366135656464343964
62373530313465636234383439613337396464316639333439643665373236646333383365313237
38623932363234353537653136373636646462336361383339643838366237323230616130373834
39306661373463356133356135356530356464383631626539653135346664343032623431633231
30663466313839636462306632323735383033393365396134323435363334376331393234643238
63366466646133613262663339396661663437643961396234323337663866626165323231363933
34623136393364643838643938353463613433313933646539616630393463636436633765626435
36633038653638346265363961623361386130323930343665346164373330623336323330313634
66386538646163636438313335666466616632313136613335343535626330326531666531666531
38383536653665376433646266623861653139656439653539313532333063623566333730373930
37313934363365626430343231616565376134373439366665653235356331663536346435623163
66373531363566386633366439633563346235303762313961323565333631353732623832343266
30663663316631366538353430626431376333646335623363333631646666623239383432343463
31633837353364303038353664653136306130383461646331353234623965626661656661393863
37663462316633353837313135323666336235656337633433343264313433373961623464393338
39646631303338343864663731633530316638666333656334373839396238323163633433623035
61653139616638643736353138343161303737613933633563303639613362656133633935353334
38323062343466616664616632633666636139636137663134316435343931363133363337663536
37366234636137643964363263336638383463333430303266396662633863303132353532663238
62653837653537313631636663363565326330643264393939663335643538323435386662663161
65303164616635643162303962323835353439366666623234623866323733623266663462303538
63663363393037356332323639336437316530616433653564643631343866353535343338643332
66323561343162396265333538626531373439356264356331393264333634353631353161333337
32393861396531303935626561643339636565353639613630623261636264383530396466373236
37386439636361623864323664313230393162383362613931303263663433626332643232663838
36383337326231626435333034343165666164616539666232383562653635663136323931306136
35313964313836376137306636633962366430393534373333373338393630346238633834356630
66643337653039396430376363626239333733303537336538313866333538343665623431623561
32343730393635356666393134393839333836656165636164313239633933343531376239306438
64383562346336396535336238646563303137376230363130396634616233643838613131353361
66393132313533353063643930316235363732643236663165313830623162323962383965393430
63313830626561316161633263333865643365663762343533383431333962643339303461613835
30616633366533666666653962613031643432616434376339323534336563363038616533313766
39373836383964343161613261343964613138353837373436633934306261313936333466386436
63643365323635366638373532653336333134613130333039316536323036396236643434376166
34376234613563306166346562623034383736616563346335326562316235643361326165663234
65376631393465383538383232653633646466346331636634366664303765636536613834383366
35376266643663353934353862326539373736383137643736663634376239343933333964373535
65636562646438393131383061386166643433373965303735633563663034343133323932343234
39366135326562316630373931373565386538383664653738306566363562663063376432306234
36646562393932366539313130366136626138333666333461663166633263663636386434666130
34643463633763343033303339626432353362633438353465326462303334373266333730626233
64643964343138303862356539666336303963343036373465643266626563616230393836633736
34653530633035373666383437616133616566663063623639663839616662623462316139386638
63646232663936336232393965613363633235366266646339306437366233613538323666346161
64386138666333663631396239643633323237663035323732316162353335666230323564353132
66346566633132666639663132616362623535393433376465303037386531343838376336666134
61663639306366616136663239653465333431333037656262333036373266396364396261363363
33363237663035306332333331616532313861643365303238323030326565393031316131326632
66613230636430373930633036653431663433346432366438303031363637636431316330366434
31363263626262313732316330613332366336323666356330336461666331356439336334666535
63363033333431306162633465313737616134663636353436356235326236613537333034343639
34353232663066303937663061376566623865333265373862613139663164623166306432376361
66666437616634633238323439323661326463343830376662653161656165626638656630376464
39326632666162646661373938626433353863646634396336663562336639326663353231643231
62663737666539373738383134653938633037303735613234333435616333313661633863396161
34356633623865663162613161303966646635306337396564393236663731383163393162336630
31396162353965353664313634613739613736333333653932346332376331636631343237343137
63346564356365613666646465646639346532643962376231663035613139356134313862393164
63616163363239333961343234366562613338323163313766646537303432343831383462316432
65643766323465306637313864343433656133336363343337353733383236343333306439626661
34303734373734636436353034306636366533346438613031336635333430363262646334306432
62303035373738323665303164623366626431626464363237613331656637636131623832383737
37623539383137656362646663616335656537343433653536316334336231613239353930643131
34646461333434653863396333623461616639323939623935623865343935626238333434643966
61383731343161633036386365356562343338373839363430636333326431323732343732303165
63653536376565666431666166386632383235663661326164613036373432643033643161666533
66613831386633373730386133303630646430373766306132366432623634393239343833376330
39653139303436333237346566323434663938353731633130653336326133373464346365323538
65353638373739313138323338346331376436333763663531386634643037333732653534303730
62343765303162376630343565396263653333356562623638663961323936326663646435643836
36643038393137373937623963393864656238626435643734373261386466323636333862356166
30386266363262626662633265363337646163656561306434666265356662653836303764376430
62346632306532376661356135316666633332353131663136623138383966356563636362663165
34613733666132346466623263323338383532396364663765656639313162663731643166303031
30303362333365346239373539333538393934656638623036326130653730663163356163303639
62366438626633636434383366323130316461663931353366336332363132623265313438656539
38303533613632643566656230343132616662313362656337343933323930303636336461313136
64373632316164636631316231313033323532613131633639663863333832303436383139313232
33386236336563326466376436616462373139313534343966343433313631653333393130313463
64613332303530623165633361663034396333366531373566353337323336376236366361653265
35623632663763333362613139373235643833646564326166633935633564633230313134333835
66356164383931653939396565326536303462326432313431303538393761393836636631313930
62373963653033373566393962643533383465323433363364613837386166663736306433366234
62336466303262303734663035623635666230656236346435333563363565653431383366376134
65633038316130376531626438363333653032616234373133363131336132383330666565666137
32333865666462306365323738333232343632663933353435323563663662303130356264396562
34353930353332356333366131396265396562363930613135326466346336393362343764306635
31353531343035613762383530306663316166623532353463393033633436363231646636316363
66616531303666393536643637623435646630613462646536323366633138306336623765323334
37373735343631396431356334366464326138396530623831386665383038363637653534646561
37316464626236313062326139633065393337376365343961303965363864656533656137336135
34323763376466313865636634653036313734613965633134663564623033316462393635386631
66316239363338303336363233633632663539383735613866386264363066333564343261373064
38333466663165336233326533626366323462313838656665303361393531303238646231616333
65323964333364666634313735346366303466666138646531666462393739356364656533396464
33663030643662666362613665393931353533313230373962646565366436346532303263346664
32386438663133396331633330343530333533343933353733646233383536376236653164616664
61663466343830313466343561633437623266326634383337616532343661666438313838663065
32643462373231373466376333653236363362376331363765623038303963343666663835353462
36623238346364343436656432313230363235323435313433366230616562313162376166316435
34616531626330316135303466323864373835653463313037393732613734333032323363323434
65663766343737363339653831326531363230333232326334623539306162326466303565376437
65333766646565396366383534633936613533383737653164376634353037343530363839363435
64383866366433313432303065353637613034373361633066623238353637656633613135353531
37386139663131336134363366343163343035653364306464616131353431663865303534636231
36313231353831353865393538303166653331633533656466333537346661656365346363356530
35623738653935356530323861616134613265626339636366343631623362333632356530306366
63303935393562326461643664323864313436643132373432616638323039353765643064613932
61663265623533393538656334316235653833366533356165633834663165626635373765323965
62386330626664633866303337626262653834313633663265663965373465336465616165356233
66316563643161396334333831376262303139636364636130656663643737356263316238653334
32356530356562346134366635303234383239616166393335613232613733386239653931643034
63613636303334303837633938653135346637343737396331306334383137303931383337386230
64393637656530376232343961646466643762383966306134616133313933383561393133313331
34656262363066663234353037366238303861393834326638316335633464316137613033346431
63363632393031343865346137393764353563343739663131653162613564383134303439633631
38656465396465636462626661343336373361663435653630636364666263646264313137353131
61616462343239376565656537383136643262613233303938633638636434326262623165303932
39306165633463386465353262393866366164313535653731386164613338613063616136643132
36646236393964303130623033313434386234383661356538333034633065323865333161666162
37303161666138343037633164346234383364313333393062366661316136626534616431653461
37623132616162633661633735396236393036393532306563326163663139313332346262346433
32646539623963626130353737653038323235326639336432326461383862326238333530393264
35633733363835663036366535316135666564306330323365353962363963353137306135623566
63613865666362646530636437623765343631383266346338366535303034636662313132316436
38306634613630626261323837626364383563303339366362333561333638613030613366663564
62663233396263623438366531656465376265353731643236656139363939643337643266373535
36323632316536663861346562646166363234393835333966336638383564316664323736633335
64666137353362666536313332333461346265343036313934323834656266626432363330353861
35373533363565313066623834336361323035646134656662326139653437363863353761373931
65366137316237326464373634336533373630346536333533346437353531336534353364613937
61623966356339666163663132623835326435646336633465393835616335623731333338376239
35623166313362613634636438633665396437336638353965336561383134333835333363303332
66323631343730336565343164396233613633306431343136353134333139386435633338323030
66336638333764363462343664613364393935333664386333353966336162663361346237366633
66353163383565613463613831363633613064656538363833363862373734323065663365386465
30643065636564373036376461646361363431636163616364353061316463343238393066393866
62666264313932373331666264303863373437626263326635666433313330653733613332613035
65376639333839646638303132613032353434333261313335386632333632333131353865376634
39353538393361393539376338323563373036316136313437316433363230616430363966633062
33346138313238613265373165663239383034376637666661316332333665326133303865316162
31333439613538663230636635653236316361383132323036653066653264656266356335616231
66636536333732633631653030666661313331313635353332326562306461306162333136306337
64656166343461653134663362653438376532376333346433386335396436353163303962306663
39313839393763353832373665623463633161313732353562663535353461323163626334346563
35623561363464366331666134383363626538343664313466373539303930326331613333373135
62353535376137303734666565346531313135623135646631623566656332333636613439393066
62626233316461376534303464633062323964346338303463646263323138363831613232633735
65326362636131663763666430326161366164363533623263386461663632633038
